87
0 1
0 
1 1
1000 
2 1
2000 
3 1
3000 
4 1
4000 
5 1
5000 
6 1
6000 
7 1
7000 
8 1
8000 
9 1
9000 
10 1
10000 
11 1
11000 
12 1
12000 
13 1
13000 
14 1
14000 
15 1
15000 
16 1
16000 
17 1
17000 
18 1
18000 
19 1
19000 
20 1
20000 
21 1
21000 
22 1
22000 
23 1
23000 
24 1
24000 
25 1
25000 
26 1
26000 
27 1
27000 
28 1
28000 
29 1
29000 
30 1
30000 
31 1
31000 
32 1
32000 
33 1
33000 
34 1
34000 
35 1
35000 
36 1
36000 
37 1
37000 
38 1
38000 
39 1
39000 
40 1
40000 
41 1
41000 
42 1
42000 
43 1
43000 
44 1
44000 
45 1
45000 
46 1
46000 
47 1
47000 
48 1
48000 
49 1
49000 
50 1
50000 
51 1
51000 
52 1
52000 
53 1
53000 
54 1
54000 
55 1
55000 
56 1
56000 
57 1
57000 
58 1
58000 
59 1
59000 
60 1
60000 
61 1
61000 
62 1
62000 
63 1
63000 
64 1
64000 
65 1
65000 
66 1
66000 
67 1
67000 
68 1
68000 
69 1
69000 
70 1
70000 
71 1
71000 
72 1
72000 
73 1
73000 
74 1
74000 
75 1
75000 
76 1
76000 
77 1
77000 
78 1
78000 
79 1
79000 
80 1
80000 
81 1
81000 
82 1
82000 
83 1
83000 
84 1
84000 
85 1
85000 
86 1
86000 
