36
0 2
31074 53941 
1 1
27478 
2 2
14231 20070 
3 1
29482 
4 1
98075 
5 1
23530 
6 1
61010 
7 1
8085 
8 1
85895 
9 1
56608 
10 2
76535 4257 
11 1
86663 
12 1
70780 
13 2
27540 35977 
14 2
76907 95458 
15 1
26268 
16 1
99090 
17 2
21772 55693 
18 2
43167 72797 
19 1
9150 
20 1
28631 
21 2
31548 3790 
22 1
99402 
23 1
23607 
24 2
87101 11579 
25 1
87812 
26 1
69003 
27 2
99175 66648 
28 2
28686 22254 
29 1
28421 
30 1
39056 
31 2
43896 78880 
32 2
93255 45865 
33 2
39036 13450 
34 1
71122 
35 2
10893 49840 
